Testflow,Test Suite,Test Method,Test,Test#,Pattern,Wafer,Site,Pin,Device,Device ID,Part ID,Part Txt,Lower,LS,Value,Unit,US,Upper,P/F,Time,TS Time,Print To Data Log,Test Text
1,"CONTINUITY","","CONTINUITY",10030,"",1,1,"EN0_PS1600",1,"424","","",-500,"<=",-375.838,"mV","<=",-300,"P",1.41636,***,"",
1,"CONTINUITY","","CONTINUITY",10020,"",1,1,"FAULTB_PS1600",1,"424","","",-500,"<=",-433.55,"mV","<=",-300,"P",1.41636,***,"",
1,"CONTINUITY","","CONTINUITY",10050,"",1,1,"FCB_PS1600",1,"424","","",-500,"<=",-375.45,"mV","<=",-300,"P",1.41636,***,"",
1,"CONTINUITY","","CONTINUITY",10090,"",1,1,"ISEN_PS1600",1,"424","","",-500,"<=",-361.268,"mV","<=",-300,"P",1.41636,***,"",
1,"CONTINUITY","","CONTINUITY",10080,"",1,1,"ITRIP_PS1600",1,"424","","",-500,"<=",-376.863,"mV","<=",-300,"P",1.41636,***,"",
1,"CONTINUITY","","CONTINUITY",10040,"",1,1,"OFF_PS1600",1,"424","","",-500,"<=",-368.268,"mV","<=",-300,"P",1.41636,***,"",
1,"CONTINUITY","","CONTINUITY",10010,"",1,1,"SS_PS1600",1,"424","","",-500,"<=",-458.834,"mV","<=",-300,"P",1.41636,***,"",
1,"CONTINUITY","","CONTINUITY",10070,"",1,1,"VBIAS_PS1600",1,"424","","",-500,"<=",-295.417,"mV","<=",-200,"P",1.41636,***,"",
1,"CONTINUITY","","CONTINUITY",10060,"",1,1,"GND_PS1600",1,"424","","",-500,"<=",-352.674,"mV","<=",-300,"P",1.41636,***,"",
1,"CONTINUITY","","CONTINUITY",10180,"",1,1,"VIN1",1,"424","","",-360,"<=",-340.231,"mV","<=",-300,"P",1.41636,***,"",
1,"CONTINUITY","","MOULD_RES",10340,"",1,1,"VIN1",1,"424","","",0,"<=",0.29458,"ohm","<=",20,"P",1.41636,***,"",
1,"CONTINUITY","","CONTINUITY",10190,"",1,1,"VIN2",1,"424","","",-360,"<=",-340.425,"mV","<=",-300,"P",1.41636,***,"",
1,"CONTINUITY","","MOULD_RES",10350,"",1,1,"VIN2",1,"424","","",0,"<=",0.17378,"ohm","<=",20,"P",1.41636,***,"",
1,"CONTINUITY","","CONTINUITY",10200,"",1,1,"VIN3",1,"424","","",-360,"<=",-340.708,"mV","<=",-300,"P",1.41636,***,"",
1,"CONTINUITY","","MOULD_RES",10360,"",1,1,"VIN3",1,"424","","",0,"<=",0.29246,"ohm","<=",20,"P",1.41636,***,"",
1,"CONTINUITY","","CONTINUITY",10210,"",1,1,"VIN4_RS1",1,"424","","",-360,"<=",-340.273,"mV","<=",-300,"P",1.41636,***,"",
1,"CONTINUITY","","MOULD_RES",10370,"",1,1,"VIN4_RS1",1,"424","","",0,"<=",0.0551011,"ohm","<=",20,"P",1.41636,***,"",
1,"CONTINUITY","","CONTINUITY",10220,"",1,1,"VIN4_RS2",1,"424","","",-360,"<=",-340.67,"mV","<=",-300,"P",1.41636,***,"",
1,"CONTINUITY","","MOULD_RES",10380,"",1,1,"VIN4_RS2",1,"424","","",0,"<=",0.239478,"ohm","<=",20,"P",1.41636,***,"",
1,"CONTINUITY","","CONTINUITY",10230,"",1,1,"VIN5_RS1",1,"424","","",-360,"<=",-341.087,"mV","<=",-300,"P",1.41636,***,"",
1,"CONTINUITY","","MOULD_RES",10390,"",1,1,"VIN5_RS1",1,"424","","",0,"<=",0.917647,"ohm","<=",20,"P",1.41636,***,"",
1,"CONTINUITY","","CONTINUITY",10240,"",1,1,"VIN5_RS2",1,"424","","",-360,"<=",-340.582,"mV","<=",-300,"P",1.41636,***,"",
1,"CONTINUITY","","MOULD_RES",10400,"",1,1,"VIN5_RS2",1,"424","","",0,"<=",0.627306,"ohm","<=",20,"P",1.41636,***,"",
1,"CONTINUITY","","CONTINUITY",10250,"",1,1,"VIN6",1,"424","","",-360,"<=",-340.542,"mV","<=",-300,"P",1.41636,***,"",
1,"CONTINUITY","","MOULD_RES",10410,"",1,1,"VIN6",1,"424","","",0,"<=",0.256432,"ohm","<=",20,"P",1.41636,***,"",
1,"CONTINUITY","","CONTINUITY",10100,"",1,1,"VOUT1",1,"424","","",-300,"<=",-227.432,"mV","<=",-200,"P",1.41636,***,"",
1,"CONTINUITY","","MOULD_RES",10260,"",1,1,"VOUT1",1,"424","","",0,"<=",0.737508,"ohm","<=",20,"P",1.41636,***,"",
1,"CONTINUITY","","CONTINUITY",10110,"",1,1,"VOUT2_RS1",1,"424","","",-300,"<=",-227.35,"mV","<=",-200,"P",1.41636,***,"",
1,"CONTINUITY","","MOULD_RES",10270,"",1,1,"VOUT2_RS1",1,"424","","",0,"<=",0.457763,"ohm","<=",20,"P",1.41636,***,"",
1,"CONTINUITY","","CONTINUITY",10120,"",1,1,"VOUT2_RS2",1,"424","","",-300,"<=",-227.375,"mV","<=",-200,"P",1.41636,***,"",
1,"CONTINUITY","","MOULD_RES",10280,"",1,1,"VOUT2_RS2",1,"424","","",0,"<=",0.0826522,"ohm","<=",20,"P",1.41636,***,"",
1,"CONTINUITY","","CONTINUITY",10130,"",1,1,"VOUT3_RS1",1,"424","","",-300,"<=",-227.318,"mV","<=",-200,"P",1.41636,***,"",
1,"CONTINUITY","","MOULD_RES",10290,"",1,1,"VOUT3_RS1",1,"424","","",0,"<=",0.0466244,"ohm","<=",20,"P",1.41636,***,"",
1,"CONTINUITY","","CONTINUITY",10140,"",1,1,"VOUT3_RS2",1,"424","","",-300,"<=",-227.921,"mV","<=",-200,"P",1.41636,***,"",
1,"CONTINUITY","","MOULD_RES",10300,"",1,1,"VOUT3_RS2",1,"424","","",0,"<=",0.336964,"ohm","<=",20,"P",1.41636,***,"",
1,"CONTINUITY","","CONTINUITY",10150,"",1,1,"VOUT4",1,"424","","",-300,"<=",-227.446,"mV","<=",-200,"P",1.41636,***,"",
1,"CONTINUITY","","MOULD_RES",10310,"",1,1,"VOUT4",1,"424","","",0,"<=",0.413259,"ohm","<=",20,"P",1.41636,***,"",
1,"CONTINUITY","","CONTINUITY",10160,"",1,1,"VOUT5",1,"424","","",-300,"<=",-227.333,"mV","<=",-200,"P",1.41636,***,"",
1,"CONTINUITY","","MOULD_RES",10320,"",1,1,"VOUT5",1,"424","","",0,"<=",0.767178,"ohm","<=",20,"P",1.41636,***,"",
1,"CONTINUITY","","CONTINUITY",10170,"",1,1,"VOUT6",1,"424","","",-300,"<=",-227.32,"mV","<=",-200,"P",1.41636,***,"",
1,"CONTINUITY","","MOULD_RES",10330,"",1,1,"VOUT6",1,"424","","",0,"<=",0.0233111,"ohm","<=",20,"P",1.41636,***,"",
1,"Pin_to_Pin_Leakage","","PIN_TO_PIN_POS_LEAKAGE_PIN",20010,"",1,1,"FAULTB_PS1600",1,"424","","",-200,"<=",-4.6745,"nA","<=",200,"P",1.02279,***,"",
1,"Pin_to_Pin_Leakage","","PIN_TO_PIN_NEG_LEAKAGE_PIN",20110,"",1,1,"FAULTB_PS1600",1,"424","","",-200,"<=",-4.6745,"nA","<=",200,"P",1.02279,***,"",
1,"Pin_to_Pin_Leakage","","PIN_TO_PIN_POS_LEAKAGE_PIN",20020,"",1,1,"ITRIP_PS1600",1,"424","","",-200,"<=",-8.59109,"nA","<=",200,"P",1.02279,***,"",
1,"Pin_to_Pin_Leakage","","PIN_TO_PIN_NEG_LEAKAGE_PIN",20120,"",1,1,"ITRIP_PS1600",1,"424","","",-200,"<=",-8.59109,"nA","<=",200,"P",1.02279,***,"",
1,"Pin_to_Pin_Leakage","","PIN_TO_PIN_POS_LEAKAGE_PIN",20030,"",1,1,"OFF_PS1600",1,"424","","",-200,"<=",-6.7151,"nA","<=",200,"P",1.02279,***,"",
1,"Pin_to_Pin_Leakage","","PIN_TO_PIN_NEG_LEAKAGE_PIN",20130,"",1,1,"OFF_PS1600",1,"424","","",-200,"<=",-6.7151,"nA","<=",200,"P",1.02279,***,"",
1,"Pin_to_Pin_Leakage","","PIN_TO_PIN_POS_LEAKAGE_PIN",20040,"",1,1,"SS_PS1600",1,"424","","",-200,"<=",-9.9999e+13,"nA","<=",200,"F",1.02279,***,"",
1,"Pin_to_Pin_Leakage","","PIN_TO_PIN_NEG_LEAKAGE_PIN",20140,"",1,1,"SS_PS1600",1,"424","","",-200,"<=",-9.9999e+13,"nA","<=",200,"F",1.02279,***,"",
1,"Pin_to_Pin_Leakage","","PIN_TO_PIN_POS_LEAKAGE_PIN",20050,"",1,1,"VIN1",1,"424","","",10,"<=",301.887,"nA","<=",500,"P",1.02279,***,"",
1,"Pin_to_Pin_Leakage","","PIN_TO_PIN_NEG_LEAKAGE_PIN",20150,"",1,1,"VIN1",1,"424","","",-500,"<=",-297.045,"nA","<=",-10,"P",1.02279,***,"",
1,"Pin_to_Pin_Leakage","","PIN_TO_PIN_POS_LEAKAGE_PIN",20060,"",1,1,"VOUT1",1,"424","","",10,"<=",300.101,"nA","<=",500,"P",1.02279,***,"",
1,"Pin_to_Pin_Leakage","","PIN_TO_PIN_NEG_LEAKAGE_PIN",20160,"",1,1,"VOUT1",1,"424","","",-500,"<=",-296.135,"nA","<=",-10,"P",1.02279,***,"",
1,"Pin_to_Pin_Leakage","","PIN_TO_PIN_POS_LEAKAGE_PIN",20070,"",1,1,"EN0_PS1600",1,"424","","",300,"<=",529.176,"nA","<=",700,"P",1.02279,***,"",
1,"Pin_to_Pin_Leakage","","PIN_TO_PIN_NEG_LEAKAGE_PIN",20170,"",1,1,"EN0_PS1600",1,"424","","",-700,"<=",-537.164,"nA","<=",-300,"P",1.02279,***,"",
1,"Pin_to_Pin_Leakage","","PIN_TO_PIN_POS_LEAKAGE_PIN",20080,"",1,1,"FCB_PS1600",1,"424","","",-200,"<=",-1.54039,"nA","<=",200,"P",1.02279,***,"",
1,"Pin_to_Pin_Leakage","","PIN_TO_PIN_NEG_LEAKAGE_PIN",20180,"",1,1,"FCB_PS1600",1,"424","","",-200,"<=",-4.87844,"nA","<=",200,"P",1.02279,***,"",
1,"Pin_to_Pin_Leakage","","PIN_TO_PIN_POS_LEAKAGE_PIN",20090,"",1,1,"ISEN_PS1600",1,"424","","",-200,"<=",-0.6095,"nA","<=",200,"P",1.02279,***,"",
1,"Pin_to_Pin_Leakage","","PIN_TO_PIN_NEG_LEAKAGE_PIN",20190,"",1,1,"ISEN_PS1600",1,"424","","",-200,"<=",-7.20412,"nA","<=",200,"P",1.02279,***,"",
1,"Pin_to_Pin_Leakage","","PIN_TO_PIN_POS_LEAKAGE_PIN_VBIAS_PS1600",20100,"",1,1,"VBIAS_PS1600",1,"424","","",500,"<=",745,"nA","<=",1000,"P",1.02279,***,"",
1,"Pin_to_Pin_Leakage","","PIN_TO_PIN_NEG_LEAKAGE_PIN_VBIAS_PS1600",20200,"",1,1,"VBIAS_PS1600",1,"424","","",-1000,"<=",-823,"nA","<=",-500,"P",1.02279,***,"",
1,"IVDDFL_IVINFL_RONFL","","RON_200mAVDD_5_VIN_5_20V_Part",90050,"",1,1,"VIN1",1,"424","","",0.01,"<=",0.0233273,"ohm","<=",0.03,"P",0.402599,***,"",
1,"IVDDFL_IVINFL_RONFL","","DEVICE_VARIENT_TRUE",90060,"",1,1,"VIN1",1,"424","","",0.5,"<=",1,"","<=",1.5,"P",0.402599,***,"",
1,"RON_DIFF_LOAD_CURRENT","","RON_200mA_VDD5",650100,"",1,1,"VIN3",1,"424","","",0.01,"<=",0.0236535,"ohm","<=",0.03,"P",0.340766,***,"",
1,"RON_DIFF_LOAD_CURRENT","","RON_500mA_VDD5",650110,"",1,1,"VIN3",1,"424","","",0.01,"<=",0.0237799,"ohm","<=",0.03,"P",0.340766,***,"",
1,"RON_DIFF_LOAD_CURRENT","","RON_FL_VDD5",650120,"",1,1,"VIN3",1,"424","","",0.01,"<=",0.0238017,"ohm","<=",0.03,"P",0.340766,***,"",
1,"Fuse_Burn_Check","","Device_Read_Fuse_Data",1000002,"",1,1,"OFF_PS1600",1,"424","","",0,"<=",2.36603e+14,"","<=",2.81475e+14,"P",0.481432,***,"",
1,"Fuse_Burn_Check","","BANKA_BIT5_BLOWN_TRUE",1000001,"",1,1,"OFF_PS1600",1,"424","","",0,"<=",1,"","<=",1,"P",0.481432,***,"",
1,"Gross_Functional_EN_FCB_FAULTB_OFF","","EN_FCB_LOW_VOUT_LOW",30010,"",1,1,"VOUT4",1,"424","","",-0.3,"<=",0.0124474,"V","<=",1,"P",0.607882,***,"",
1,"Gross_Functional_EN_FCB_FAULTB_OFF","","EN_FCB_LOW_OFF_HIGH",30020,"",1,1,"OFF_PS1600",1,"424","","",1.6,"<=",1.80345,"V","<=",2.3,"P",0.607882,***,"",
1,"Gross_Functional_EN_FCB_FAULTB_OFF","","FCB_LOW_VOUT_LOW",30030,"",1,1,"VOUT4",1,"424","","",-0.2,"<=",-0.16008,"V","<=",0.5,"P",0.607882,***,"",
1,"Gross_Functional_EN_FCB_FAULTB_OFF","","FCB_LOW_OFF_HIGH",30040,"",1,1,"OFF_PS1600",1,"424","","",1.6,"<=",1.80402,"V","<=",2.3,"P",0.607882,***,"",
1,"Gross_Functional_EN_FCB_FAULTB_OFF","","EN_LOW_VOUT_LOW",30050,"",1,1,"VOUT4",1,"424","","",-0.3,"<=",-0.160385,"V","<=",0.5,"P",0.607882,***,"",
1,"Gross_Functional_EN_FCB_FAULTB_OFF","","EN_LOW_OFF_HIGH",30060,"",1,1,"OFF_PS1600",1,"424","","",1.6,"<=",1.80328,"V","<=",2.3,"P",0.607882,***,"",
1,"Gross_Functional_EN_FCB_FAULTB_OFF","","EN_FCB_HIGH_VOUT_HIGH",30070,"",1,1,"VOUT4",1,"424","","",4.85,"<=",4.99997,"V","<=",5.1,"P",0.607882,***,"",
1,"Gross_Functional_EN_FCB_FAULTB_OFF","","EN_FCB_HIGH_OFF_LOW",30080,"",1,1,"OFF_PS1600",1,"424","","",-0.001,"<=",0.000657,"V","<=",0.5,"P",0.607882,***,"",
1,"Gross_Functional_EN_FCB_FAULTB_OFF","","FAULT_SET_VOUT_LOW",30090,"",1,1,"VOUT4",1,"424","","",-0.001,"<=",0.000265121,"V","<=",0.5,"P",0.607882,***,"",
1,"Gross_Functional_EN_FCB_FAULTB_OFF","","FAULT_SET_OFF_HIGH",30100,"",1,1,"OFF_PS1600",1,"424","","",1.6,"<=",1.84858,"V","<=",2.3,"P",0.607882,***,"",
1,"Gross_Functional_EN_FCB_FAULTB_OFF","","FAULT_RESET_VOUT_HIGH",30110,"",1,1,"VOUT4",1,"424","","",4.85,"<=",5.00009,"V","<=",5.1,"P",0.607882,***,"",
1,"Gross_Functional_EN_FCB_FAULTB_OFF","","FAULT_RESET_OFF_LOW",30120,"",1,1,"OFF_PS1600",1,"424","","",0,"<=",0.000714251,"V","<=",0.5,"P",0.607882,***,"",
1,"EN_pullup_resistor","","EN0V_PULLUP_RES",50010,"",1,1,"EN0_PS1600",1,"424","","",155,"<=",187.894,"Kohm","<=",230,"P",0.301115,***,"",
1,"EN_pullup_resistor","","EN1V_PULLUP_RES",50020,"",1,1,"EN0_PS1600",1,"424","","",155,"<=",187.601,"Kohm","<=",230,"P",0.301115,***,"",
1,"EN_pullup_resistor","","EN0V_Current",50030,"",1,1,"EN0_PS1600",1,"424","","",-11,"<=",-9.57988,"uA","<=",-7,"P",0.301115,***,"",
1,"EN_pullup_resistor","","EN1V_Current",50040,"",1,1,"EN0_PS1600",1,"424","","",-5.5,"<=",-4.26438,"uA","<=",-3,"P",0.301115,***,"",
1,"Output_enabled_Leakage_IVDDFL_IVINFL","","IVDD_VDD_5V_VIN_5V_LOAD_8A",860160,"",1,1,"VDD",1,"424","","",0,"<=",157.324,"uA","<=",200,"P",0.949192,***,"",
1,"Output_enabled_Leakage_IVDDFL_IVINFL","","IVIN_VDD_5V_VIN_5V_LOAD_8A",860170,"",1,1,"VIN3",1,"424","","",1,"<=",1.56915,"mA","<=",2,"P",0.949192,***,"",
1,"Output_enabled_Leakage_IVDDFL_IVINFL","","LOAD_CURRENT_READBACK_VDD_5V_VIN_5V_LOAD_8A",860180,"",1,1,"VOUT6",1,"424","","",7.5,"<=",8.00016,"A","<=",8.1,"P",0.949192,***,"",
1,"Output_enabled_Leakage_IVDDFL_IVINFL","","IVDD_VDD_5V_VIN_12V_LOAD_8A",860340,"",1,1,"VDD",1,"424","","",0,"<=",156.735,"uA","<=",200,"P",0.949192,***,"",
1,"Output_enabled_Leakage_IVDDFL_IVINFL","","IVIN_VDD_5V_VIN_12V_LOAD_8A",860350,"",1,1,"VIN3",1,"424","","",1,"<=",1.65574,"mA","<=",2,"P",0.949192,***,"",
1,"Output_enabled_Leakage_IVDDFL_IVINFL","","LOAD_CURRENT_READBACK_VDD_5V_VIN_12V_LOAD_8A",860360,"",1,1,"VOUT6",1,"424","","",7.5,"<=",7.99979,"A","<=",8.1,"P",0.949192,***,"",
1,"Output_enabled_Leakage_IVDDFL_IVINFL","","IVDD_VDD_5V_VIN_20V_LOAD_8A",860520,"",1,1,"VDD",1,"424","","",0,"<=",154.183,"uA","<=",200,"P",0.949192,***,"",
1,"Output_enabled_Leakage_IVDDFL_IVINFL","","IVIN_VDD_5V_VIN_20V_LOAD_8A",860530,"",1,1,"VIN3",1,"424","","",1,"<=",1.61965,"mA","<=",2,"P",0.949192,***,"",
1,"Output_enabled_Leakage_IVDDFL_IVINFL","","LOAD_CURRENT_READBACK_VDD_5V_VIN_20V_LOAD_8A",860540,"",1,1,"VOUT6",1,"424","","",7.5,"<=",8.00111,"A","<=",8.1,"P",0.949192,***,"",
1,"Output_enabled_Leakage_IVDDFL_IVINFL","","IVDD_VDD_12V_VIN_5V_LOAD_8A",860700,"",1,1,"VDD",1,"424","","",0,"<=",166.373,"uA","<=",200,"P",0.949192,***,"",
1,"Output_enabled_Leakage_IVDDFL_IVINFL","","IVIN_VDD_12V_VIN_5V_LOAD_8A",860710,"",1,1,"VIN3",1,"424","","",1,"<=",1.63275,"mA","<=",2,"P",0.949192,***,"",
1,"Output_enabled_Leakage_IVDDFL_IVINFL","","LOAD_CURRENT_READBACK_VDD_12V_VIN_5V_LOAD_8A",860720,"",1,1,"VOUT6",1,"424","","",7.5,"<=",7.99964,"A","<=",8.1,"P",0.949192,***,"",
1,"Output_enabled_Leakage_IVDDFL_IVINFL","","IVDD_VDD_12V_VIN_12V_LOAD_8A",860880,"",1,1,"VDD",1,"424","","",0,"<=",162.167,"uA","<=",200,"P",0.949192,***,"",
1,"Output_enabled_Leakage_IVDDFL_IVINFL","","IVIN_VDD_12V_VIN_12V_LOAD_8A",860890,"",1,1,"VIN3",1,"424","","",1,"<=",1.6489,"mA","<=",2,"P",0.949192,***,"",
1,"Output_enabled_Leakage_IVDDFL_IVINFL","","LOAD_CURRENT_READBACK_VDD_12V_VIN_12V_LOAD_8A",860900,"",1,1,"VOUT6",1,"424","","",7.5,"<=",8.00101,"A","<=",8.1,"P",0.949192,***,"",
1,"Output_enabled_Leakage_IVDDFL_IVINFL","","IVDD_VDD_12V_VIN_20V_LOAD_8A",861060,"",1,1,"VDD",1,"424","","",0,"<=",158.779,"uA","<=",200,"P",0.949192,***,"",
1,"Output_enabled_Leakage_IVDDFL_IVINFL","","IVIN_VDD_12V_VIN_20V_LOAD_8A",861070,"",1,1,"VIN3",1,"424","","",1,"<=",1.64691,"mA","<=",2,"P",0.949192,***,"",
1,"Output_enabled_Leakage_IVDDFL_IVINFL","","LOAD_CURRENT_READBACK_VDD_12V_VIN_20V_LOAD_8A",861080,"",1,1,"VOUT6",1,"424","","",7.5,"<=",8.00056,"A","<=",8.1,"P",0.949192,***,"",
1,"Output_enabled_Leakage_IVDDFL_IVINFL","","IVDD_VDD_20V_VIN_5V_LOAD_8A",861240,"",1,1,"VDD",1,"424","","",0,"<=",166.9,"uA","<=",200,"P",0.949192,***,"",
1,"Output_enabled_Leakage_IVDDFL_IVINFL","","IVIN_VDD_20V_VIN_5V_LOAD_8A",861250,"",1,1,"VIN3",1,"424","","",1,"<=",1.56387,"mA","<=",2,"P",0.949192,***,"",
1,"Output_enabled_Leakage_IVDDFL_IVINFL","","LOAD_CURRENT_READBACK_VDD_20V_VIN_5V_LOAD_8A",861260,"",1,1,"VOUT6",1,"424","","",7.5,"<=",8.00059,"A","<=",8.1,"P",0.949192,***,"",
1,"Output_enabled_Leakage_IVDDFL_IVINFL","","IVDD_VDD_20V_VIN_12V_LOAD_8A",861420,"",1,1,"VDD",1,"424","","",0,"<=",167.815,"uA","<=",200,"P",0.949192,***,"",
1,"Output_enabled_Leakage_IVDDFL_IVINFL","","IVIN_VDD_20V_VIN_12V_LOAD_8A",861430,"",1,1,"VIN3",1,"424","","",1,"<=",1.58989,"mA","<=",2,"P",0.949192,***,"",
1,"Output_enabled_Leakage_IVDDFL_IVINFL","","LOAD_CURRENT_READBACK_VDD_20V_VIN_12V_LOAD_8A",861440,"",1,1,"VOUT6",1,"424","","",7.5,"<=",8.00063,"A","<=",8.1,"P",0.949192,***,"",
1,"Output_enabled_Leakage_IVDDFL_IVINFL","","IVDD_VDD_20V_VIN_20V_LOAD_8A",861600,"",1,1,"VDD",1,"424","","",0,"<=",164.319,"uA","<=",200,"P",0.949192,***,"",
1,"Output_enabled_Leakage_IVDDFL_IVINFL","","IVIN_VDD_20V_VIN_20V_LOAD_8A",861610,"",1,1,"VIN3",1,"424","","",1,"<=",1.63441,"mA","<=",2,"P",0.949192,***,"",
1,"Output_enabled_Leakage_IVDDFL_IVINFL","","LOAD_CURRENT_READBACK_VDD_20V_VIN_20V_LOAD_8A",861620,"",1,1,"VOUT6",1,"424","","",7.5,"<=",8.00013,"A","<=",8.1,"P",0.949192,***,"",
1,"Output_disabled_leakage","","IVDDDIS_VDD_3_VIN_3",40010,"",1,1,"VDD",1,"424","","",10,"<=",104.134,"uA","<=",166.5,"P",0.529803,***,"",
1,"Output_disabled_leakage","","IVINDIS_VDD_3_VIN_3",40050,"",1,1,"VIN1",1,"424","","",10,"<=",71.9512,"uA","<=",166.5,"P",0.529803,***,"",
1,"Output_disabled_leakage","","IOFF_VDD_3_VIN_3",40090,"",1,1,"VOUT4",1,"424","","",-14,"<=",-1.81371,"uA","<=",11,"P",0.529803,***,"",
1,"Output_disabled_leakage","","IVDDDIS_VDD_3_VIN_20",40020,"",1,1,"VDD",1,"424","","",10,"<=",107.523,"uA","<=",166.5,"P",0.529803,***,"",
1,"Output_disabled_leakage","","IVINDIS_VDD_3_VIN_20",40060,"",1,1,"VIN1",1,"424","","",10,"<=",92.4021,"uA","<=",166.5,"P",0.529803,***,"",
1,"Output_disabled_leakage","","IOFF_VDD_3_VIN_20",40100,"",1,1,"VOUT4",1,"424","","",-14,"<=",-1.53067,"uA","<=",11,"P",0.529803,***,"",
1,"Output_disabled_leakage","","IVINVDD0_VIN_3",40130,"",1,1,"VIN1",1,"424","","",10,"<=",69.5279,"uA","<=",166.5,"P",0.529803,***,"",
1,"Output_disabled_leakage","","IOFFVDD0_VIN_3",40150,"",1,1,"VOUT4",1,"424","","",-14,"<=",-1.73209,"uA","<=",11,"P",0.529803,***,"",
1,"Output_disabled_leakage","","IVDDDIS_VDD_20_VIN_3",40030,"",1,1,"VDD",1,"424","","",10,"<=",133.421,"uA","<=",166.5,"P",0.529803,***,"",
1,"Output_disabled_leakage","","IVINDIS_VDD_20_VIN_3",40070,"",1,1,"VIN1",1,"424","","",10,"<=",72.5184,"uA","<=",166.5,"P",0.529803,***,"",
1,"Output_disabled_leakage","","IOFF_VDD_20_VIN_3",40110,"",1,1,"VOUT4",1,"424","","",-14,"<=",-1.86321,"uA","<=",11,"P",0.529803,***,"",
1,"Output_disabled_leakage","","IVDDDIS_VDD_20_VIN_20",40040,"",1,1,"VDD",1,"424","","",10,"<=",129.743,"uA","<=",166.5,"P",0.529803,***,"",
1,"Output_disabled_leakage","","IVINDIS_VDD_20_VIN_20",40080,"",1,1,"VIN1",1,"424","","",10,"<=",91.658,"uA","<=",166.5,"P",0.529803,***,"",
1,"Output_disabled_leakage","","IOFF_VDD_20_VIN_20",40120,"",1,1,"VOUT4",1,"424","","",-14,"<=",-1.68709,"uA","<=",11,"P",0.529803,***,"",
1,"Output_disabled_leakage","","IVINVDD0_VIN_20",40140,"",1,1,"VIN1",1,"424","","",10,"<=",114.359,"uA","<=",166.5,"P",0.529803,***,"",
1,"Output_disabled_leakage","","IOFFVDD0_VIN_20",40160,"",1,1,"VOUT4",1,"424","","",-14,"<=",-1.50625,"uA","<=",11,"P",0.529803,***,"",
1,"Leakage_Test","","IOFF_REVERSE_VOUT_VIN_LEAKAGE_1mA",60030,"",1,1,"VIN",1,"424","","",-331,"<=",-269.062,"mV","<=",-190,"P",0.249677,***,"",
1,"Leakage_Test","","IOFF_REVERSE_VOUT_VIN_LEAKAGE_10mA",60040,"",1,1,"VIN",1,"424","","",-340,"<=",-331.232,"mV","<=",-190,"P",0.249677,***,"",
1,"Leakage_Test","","IOFF_REVERSE_VOUT_VIN_LEAKAGE_100uA",60050,"",1,1,"VIN",1,"424","","",-331,"<=",-208.763,"mV","<=",-190,"P",0.249677,***,"",
1,"Nominal_Input_pin_Leakages","","LEAKAGE",70010,"",1,1,"EN0_PS1600",1,"424","","",-10,"<=",4.576,"uA","<=",10,"P",2.31925,***,"",
1,"Nominal_Input_pin_Leakages","","LEAKAGE",70060,"",1,1,"FAULTB_PS1600",1,"424","","",-0.2,"<=",-0.002,"uA","<=",0.2,"P",2.31925,***,"",
1,"Nominal_Input_pin_Leakages","","LEAKAGE",70020,"",1,1,"FCB_PS1600",1,"424","","",-0.5,"<=",-0.001,"uA","<=",0.5,"P",2.31925,***,"",
1,"Nominal_Input_pin_Leakages","","LEAKAGE",70040,"",1,1,"ISEN_PS1600",1,"424","","",-10,"<=",5.171,"uA","<=",10,"P",2.31925,***,"",
1,"Nominal_Input_pin_Leakages","","LEAKAGE",70030,"",1,1,"ITRIP_PS1600",1,"424","","",-10,"<=",4.041,"uA","<=",10,"P",2.31925,***,"",
1,"Nominal_Input_pin_Leakages","","LEAKAGE",70080,"",1,1,"OFF_PS1600",1,"424","","",-0.2,"<=",0.002,"uA","<=",0.5,"P",2.31925,***,"",
1,"Nominal_Input_pin_Leakages","","LEAKAGE",70050,"",1,1,"SS_PS1600",1,"424","","",-10,"<=",4.284,"uA","<=",10,"P",2.31925,***,"",
1,"Nominal_Input_pin_Leakages","","LEAKAGE",70070,"",1,1,"VBIAS_PS1600",1,"424","","",-10,"<=",5.37,"uA","<=",10,"P",2.31925,***,"",
1,"Nominal_Input_pin_Leakages","","LEAKAGE_2V",70090,"",1,1,"OFF_PS1600",1,"424","","",-0.5,"<=",-0.081,"uA","<=",0.5,"P",2.31925,***,"",
1,"Output_enabled_leakage","","IVDD_VDD_3V_VIN_3V",80001,"",1,1,"VDD",1,"424","","",10,"<=",139.363,"uA","<=",200,"P",0.768079,***,"",
1,"Output_enabled_leakage","","IVIN_VDD_3V_VIN_3V",80005,"",1,1,"VIN1",1,"424","","",10,"<=",116.889,"uA","<=",200,"P",0.768079,***,"",
1,"Output_enabled_leakage","","IVDD_VDD_3V_VIN_20V",80010,"",1,1,"VDD",1,"424","","",10,"<=",143.245,"uA","<=",200,"P",0.768079,***,"",
1,"Output_enabled_leakage","","IVIN_VDD_3V_VIN_20V",80014,"",1,1,"VIN1",1,"424","","",10,"<=",136.99,"uA","<=",200,"P",0.768079,***,"",
1,"Output_enabled_leakage","","IVDD_VDD_20V_VIN_3V",80011,"",1,1,"VDD",1,"424","","",10,"<=",158.565,"uA","<=",200,"P",0.768079,***,"",
1,"Output_enabled_leakage","","IVIN_VDD_20V_VIN_3V",80015,"",1,1,"VIN1",1,"424","","",10,"<=",115.983,"uA","<=",200,"P",0.768079,***,"",
1,"Output_enabled_leakage","","IVDD_VDD_20V_VIN_20V",80012,"",1,1,"VDD",1,"424","","",10,"<=",168.48,"uA","<=",200,"P",0.768079,***,"",
1,"Output_enabled_leakage","","IVIN_VDD_20V_VIN_20V",80016,"",1,1,"VIN1",1,"424","","",10,"<=",136.67,"uA","<=",200,"P",0.768079,***,"",
1,"Post_Output_disabled_leakage","","IVDDDIS_VDD_3_VIN_3",730010,"",1,1,"VDD",1,"424","","",10,"<=",104.378,"uA","<=",166.5,"P",0.361425,***,"",
1,"Post_Output_disabled_leakage","","IVINDIS_VDD_3_VIN_3",730050,"",1,1,"VIN1",1,"424","","",10,"<=",71.8245,"uA","<=",166.5,"P",0.361425,***,"",
1,"Post_Output_disabled_leakage","","IOFF_VDD_3_VIN_3",730090,"",1,1,"VOUT4",1,"424","","",-14,"<=",-1.56056,"uA","<=",11,"P",0.361425,***,"",
1,"Post_Output_disabled_leakage","","DELTA_IVDDDIS_VDD_3_VIN_3",730280,"",1,1,"VDD",1,"424","","",-20,"<=",0.244007,"uA","<=",20,"P",0.361425,***,"",
1,"Post_Output_disabled_leakage","","DELTA_IVINDIS_VDD_3_VIN_3",730320,"",1,1,"VIN1",1,"424","","",-20,"<=",-0.12666,"uA","<=",20,"P",0.361425,***,"",
1,"Post_Output_disabled_leakage","","DELTA_IOFF_VDD_3_VIN_3",730360,"",1,1,"VOUT4",1,"424","","",-20,"<=",0.253145,"uA","<=",20,"P",0.361425,***,"",
1,"Post_Output_disabled_leakage","","IVDDDIS_VDD_3_VIN_20",730020,"",1,1,"VDD",1,"424","","",10,"<=",109.172,"uA","<=",166.5,"P",0.361425,***,"",
1,"Post_Output_disabled_leakage","","IVINDIS_VDD_3_VIN_20",730060,"",1,1,"VIN1",1,"424","","",10,"<=",91.9569,"uA","<=",166.5,"P",0.361425,***,"",
1,"Post_Output_disabled_leakage","","IOFF_VDD_3_VIN_20",730100,"",1,1,"VOUT4",1,"424","","",-14,"<=",-1.59645,"uA","<=",11,"P",0.361425,***,"",
1,"Post_Output_disabled_leakage","","DELTA_IVDDDIS_VDD_3_VIN_20",730290,"",1,1,"VDD",1,"424","","",-20,"<=",1.64937,"uA","<=",20,"P",0.361425,***,"",
1,"Post_Output_disabled_leakage","","DELTA_IVINDIS_VDD_3_VIN_20",730330,"",1,1,"VIN1",1,"424","","",-20,"<=",-0.445173,"uA","<=",20,"P",0.361425,***,"",
1,"Post_Output_disabled_leakage","","DELTA_IOFF_VDD_3_VIN_20",730370,"",1,1,"VOUT4",1,"424","","",-20,"<=",-0.065775,"uA","<=",20,"P",0.361425,***,"",
1,"Post_Output_disabled_leakage","","IVINVDD0_VIN_3",730130,"",1,1,"VIN1",1,"424","","",10,"<=",69.8334,"uA","<=",166.5,"P",0.361425,***,"",
1,"Post_Output_disabled_leakage","","IOFFVDD0_VIN_3",730150,"",1,1,"VOUT4",1,"424","","",-14,"<=",-1.82843,"uA","<=",11,"P",0.361425,***,"",
1,"Post_Output_disabled_leakage","","DELTA_IVINVDD0_VIN_3",730400,"",1,1,"VIN1",1,"424","","",-20,"<=",0.305474,"uA","<=",20,"P",0.361425,***,"",
1,"Post_Output_disabled_leakage","","DELTA_IOFFVDD0_VIN_3",730420,"",1,1,"VOUT4",1,"424","","",-20,"<=",-0.0963482,"uA","<=",20,"P",0.361425,***,"",
1,"Post_Output_disabled_leakage","","IVDDDIS_VDD_20_VIN_3",730030,"",1,1,"VDD",1,"424","","",10,"<=",133.842,"uA","<=",166.5,"P",0.361425,***,"",
1,"Post_Output_disabled_leakage","","IVINDIS_VDD_20_VIN_3",730070,"",1,1,"VIN1",1,"424","","",10,"<=",72.6115,"uA","<=",166.5,"P",0.361425,***,"",
1,"Post_Output_disabled_leakage","","IOFF_VDD_20_VIN_3",730110,"",1,1,"VOUT4",1,"424","","",-14,"<=",-1.51972,"uA","<=",11,"P",0.361425,***,"",
1,"Post_Output_disabled_leakage","","DELTA_IVDDDIS_VDD_20_VIN_3",730300,"",1,1,"VDD",1,"424","","",-20,"<=",0.420958,"uA","<=",20,"P",0.361425,***,"",
1,"Post_Output_disabled_leakage","","DELTA_IVINDIS_VDD_20_VIN_3",730340,"",1,1,"VIN1",1,"424","","",-20,"<=",0.093132,"uA","<=",20,"P",0.361425,***,"",
1,"Post_Output_disabled_leakage","","DELTA_IOFF_VDD_20_VIN_3",730380,"",1,1,"VOUT4",1,"424","","",-20,"<=",0.343498,"uA","<=",20,"P",0.361425,***,"",
1,"Post_Output_disabled_leakage","","IVDDDIS_VDD_20_VIN_20",730040,"",1,1,"VDD",1,"424","","",10,"<=",131.216,"uA","<=",166.5,"P",0.361425,***,"",
1,"Post_Output_disabled_leakage","","IVINDIS_VDD_20_VIN_20",730080,"",1,1,"VIN1",1,"424","","",10,"<=",91.4335,"uA","<=",166.5,"P",0.361425,***,"",
1,"Post_Output_disabled_leakage","","IOFF_VDD_20_VIN_20",730120,"",1,1,"VOUT4",1,"424","","",-14,"<=",-1.32888,"uA","<=",11,"P",0.361425,***,"",
1,"Post_Output_disabled_leakage","","DELTA_IVDDDIS_VDD_20_VIN_20",730310,"",1,1,"VDD",1,"424","","",-20,"<=",1.47335,"uA","<=",20,"P",0.361425,***,"",
1,"Post_Output_disabled_leakage","","DELTA_IVINDIS_VDD_20_VIN_20",730350,"",1,1,"VIN1",1,"424","","",-20,"<=",-0.224449,"uA","<=",20,"P",0.361425,***,"",
1,"Post_Output_disabled_leakage","","DELTA_IOFF_VDD_20_VIN_20",730390,"",1,1,"VOUT4",1,"424","","",-20,"<=",0.35821,"uA","<=",20,"P",0.361425,***,"",
1,"Post_Output_disabled_leakage","","IVINVDD0_VIN_20",730140,"",1,1,"VIN1",1,"424","","",10,"<=",113.513,"uA","<=",166.5,"P",0.361425,***,"",
1,"Post_Output_disabled_leakage","","IOFFVDD0_VIN_20",730160,"",1,1,"VOUT4",1,"424","","",-14,"<=",-1.03927,"uA","<=",11,"P",0.361425,***,"",
1,"Post_Output_disabled_leakage","","DELTA_IVINVDD0_VIN_20",730410,"",1,1,"VIN1",1,"424","","",-20,"<=",-0.845641,"uA","<=",20,"P",0.361425,***,"",
1,"Post_Output_disabled_leakage","","DELTA_IOFFVDD0_VIN_20",730430,"",1,1,"VOUT4",1,"424","","",-20,"<=",0.466986,"uA","<=",20,"P",0.361425,***,"",
1,"Post_Leakage_Test","","IOFF_REVERSE_VOUT_VIN_LEAKAGE_1mA",740030,"",1,1,"VIN",1,"424","","",-331,"<=",-268.997,"mV","<=",-190,"P",0.165647,***,"",
1,"Post_Leakage_Test","","IOFF_REVERSE_VOUT_VIN_LEAKAGE_10mA",740040,"",1,1,"VIN",1,"424","","",-340,"<=",-331.455,"mV","<=",-190,"P",0.165647,***,"",
1,"Post_Leakage_Test","","IOFF_REVERSE_VOUT_VIN_LEAKAGE_100uA",740050,"",1,1,"VIN",1,"424","","",-331,"<=",-208.773,"mV","<=",-190,"P",0.165647,***,"",
1,"Post_Leakage_Test","","DELTA_IOFF_REVERSE_VOUT_VIN_LEAKAGE_1mA",740060,"",1,1,"VIN",1,"424","","",-20,"<=",0.0648499,"mV","<=",20,"P",0.165647,***,"",
1,"Post_Leakage_Test","","DELTA_IOFF_REVERSE_VOUT_VIN_LEAKAGE_10mA",740070,"",1,1,"VIN",1,"424","","",-20,"<=",-0.22316,"mV","<=",20,"P",0.165647,***,"",
1,"Post_Leakage_Test","","DELTA_IOFF_REVERSE_VOUT_VIN_LEAKAGE_100uA",740080,"",1,1,"VIN",1,"424","","",-20,"<=",-0.00953674,"mV","<=",20,"P",0.165647,***,"",
1,"Post_Nominal_Input_pin_Leakages","","LEAKAGE",750010,"",1,1,"EN0_PS1600",1,"424","","",-10,"<=",4.544,"uA","<=",10,"P",2.31587,***,"",
1,"Post_Nominal_Input_pin_Leakages","","DELTA_LEAKAGE",750100,"",1,1,"EN0_PS1600",1,"424","","",-20,"<=",-0.032,"uA","<=",20,"P",2.31587,***,"",
1,"Post_Nominal_Input_pin_Leakages","","LEAKAGE",750060,"",1,1,"FAULTB_PS1600",1,"424","","",-0.2,"<=",-0.002,"uA","<=",0.2,"P",2.31587,***,"",
1,"Post_Nominal_Input_pin_Leakages","","DELTA_LEAKAGE",750150,"",1,1,"FAULTB_PS1600",1,"424","","",-20,"<=",0,"uA","<=",20,"P",2.31587,***,"",
1,"Post_Nominal_Input_pin_Leakages","","LEAKAGE",750020,"",1,1,"FCB_PS1600",1,"424","","",-0.5,"<=",0,"uA","<=",0.5,"P",2.31587,***,"",
1,"Post_Nominal_Input_pin_Leakages","","DELTA_LEAKAGE",750110,"",1,1,"FCB_PS1600",1,"424","","",-20,"<=",0.001,"uA","<=",20,"P",2.31587,***,"",
1,"Post_Nominal_Input_pin_Leakages","","LEAKAGE",750040,"",1,1,"ISEN_PS1600",1,"424","","",-10,"<=",4.964,"uA","<=",10,"P",2.31587,***,"",
1,"Post_Nominal_Input_pin_Leakages","","DELTA_LEAKAGE",750130,"",1,1,"ISEN_PS1600",1,"424","","",-20,"<=",-0.207,"uA","<=",20,"P",2.31587,***,"",
1,"Post_Nominal_Input_pin_Leakages","","LEAKAGE",750030,"",1,1,"ITRIP_PS1600",1,"424","","",-10,"<=",3.971,"uA","<=",10,"P",2.31587,***,"",
1,"Post_Nominal_Input_pin_Leakages","","DELTA_LEAKAGE",750120,"",1,1,"ITRIP_PS1600",1,"424","","",-20,"<=",-0.07,"uA","<=",20,"P",2.31587,***,"",
1,"Post_Nominal_Input_pin_Leakages","","LEAKAGE",750080,"",1,1,"OFF_PS1600",1,"424","","",-0.2,"<=",0.001,"uA","<=",0.5,"P",2.31587,***,"",
1,"Post_Nominal_Input_pin_Leakages","","DELTA_LEAKAGE",750170,"",1,1,"OFF_PS1600",1,"424","","",-20,"<=",-0.001,"uA","<=",20,"P",2.31587,***,"",
1,"Post_Nominal_Input_pin_Leakages","","LEAKAGE",750050,"",1,1,"SS_PS1600",1,"424","","",-10,"<=",4.096,"uA","<=",10,"P",2.31587,***,"",
1,"Post_Nominal_Input_pin_Leakages","","DELTA_LEAKAGE",750140,"",1,1,"SS_PS1600",1,"424","","",-20,"<=",-0.188,"uA","<=",20,"P",2.31587,***,"",
1,"Post_Nominal_Input_pin_Leakages","","LEAKAGE",750070,"",1,1,"VBIAS_PS1600",1,"424","","",-10,"<=",5.341,"uA","<=",10,"P",2.31587,***,"",
1,"Post_Nominal_Input_pin_Leakages","","DELTA_LEAKAGE",750160,"",1,1,"VBIAS_PS1600",1,"424","","",-20,"<=",-0.029,"uA","<=",20,"P",2.31587,***,"",
1,"Post_Nominal_Input_pin_Leakages","","LEAKAGE_2V",750090,"",1,1,"OFF_PS1600",1,"424","","",-0.5,"<=",-0.157,"uA","<=",0.5,"P",2.31587,***,"",
1,"Post_Nominal_Input_pin_Leakages","","DELTA_LEAKAGE_2V",750180,"",1,1,"OFF_PS1600",1,"424","","",-20,"<=",-0.076,"uA","<=",20,"P",2.31587,***,"",
1,"Post_Output_enabled_leakage","","IVDD_VDD_3V_VIN_3V",760010,"",1,1,"VDD",1,"424","","",10,"<=",139.944,"uA","<=",200,"P",0.403021,***,"",
1,"Post_Output_enabled_leakage","","IVIN_VDD_3V_VIN_3V",760050,"",1,1,"VIN1",1,"424","","",10,"<=",116.007,"uA","<=",200,"P",0.403021,***,"",
1,"Post_Output_enabled_leakage","","DELTA_IVDD_VDD_3V_VIN_3V",760210,"",1,1,"VDD",1,"424","","",-20,"<=",0.581145,"uA","<=",20,"P",0.403021,***,"",
1,"Post_Output_enabled_leakage","","DELTA_IVIN_VDD_3V_VIN_3V",760290,"",1,1,"VIN1",1,"424","","",-20,"<=",-0.881962,"uA","<=",20,"P",0.403021,***,"",
1,"Post_Output_enabled_leakage","","IVDD_VDD_3V_VIN_20V",760090,"",1,1,"VDD",1,"424","","",10,"<=",145.383,"uA","<=",200,"P",0.403021,***,"",
1,"Post_Output_enabled_leakage","","IVIN_VDD_3V_VIN_20V",760120,"",1,1,"VIN1",1,"424","","",10,"<=",137.771,"uA","<=",200,"P",0.403021,***,"",
1,"Post_Output_enabled_leakage","","DELTA_IVDD_VDD_3V_VIN_20V",760220,"",1,1,"VDD",1,"424","","",-20,"<=",2.13832,"uA","<=",20,"P",0.403021,***,"",
1,"Post_Output_enabled_leakage","","DELTA_IVIN_VDD_3V_VIN_20V",760300,"",1,1,"VIN1",1,"424","","",-20,"<=",0.780448,"uA","<=",20,"P",0.403021,***,"",
1,"Post_Output_enabled_leakage","","IVDD_VDD_20V_VIN_3V",760100,"",1,1,"VDD",1,"424","","",10,"<=",165.654,"uA","<=",200,"P",0.403021,***,"",
1,"Post_Output_enabled_leakage","","IVIN_VDD_20V_VIN_3V",760130,"",1,1,"VIN1",1,"424","","",10,"<=",115.526,"uA","<=",200,"P",0.403021,***,"",
1,"Post_Output_enabled_leakage","","DELTA_IVDD_VDD_20V_VIN_3V",760250,"",1,1,"VDD",1,"424","","",-20,"<=",7.08923,"uA","<=",20,"P",0.403021,***,"",
1,"Post_Output_enabled_leakage","","DELTA_IVIN_VDD_20V_VIN_3V",760330,"",1,1,"VIN1",1,"424","","",-20,"<=",-0.457279,"uA","<=",20,"P",0.403021,***,"",
1,"Post_Output_enabled_leakage","","IVDD_VDD_20V_VIN_20V",760110,"",1,1,"VDD",1,"424","","",10,"<=",165.962,"uA","<=",200,"P",0.403021,***,"",
1,"Post_Output_enabled_leakage","","IVIN_VDD_20V_VIN_20V",760140,"",1,1,"VIN1",1,"424","","",10,"<=",137.61,"uA","<=",200,"P",0.403021,***,"",
1,"Post_Output_enabled_leakage","","DELTA_IVDD_VDD_20V_VIN_20V",760260,"",1,1,"VDD",1,"424","","",-20,"<=",-2.5183,"uA","<=",20,"P",0.403021,***,"",
1,"Post_Output_enabled_leakage","","DELTA_IVIN_VDD_20V_VIN_20V",760340,"",1,1,"VIN1",1,"424","","",-20,"<=",0.940636,"uA","<=",20,"P",0.403021,***,"",
1,"SCAN","","Scan_test",330010,"_rdi_burst_SCAN_bk4_mp",1,1,"@",1,"424","","",***,"",***," ","",***,"P",0.295233,***,"",
1,"Logic","","Logic_test",340010,"_rdi_burst_Logic_bk6_mp",1,1,"@",1,"424","","",***,"",***," ","",***,"P",0.436968,***,"",
1,"POST_EFUSE_RESISTANCE","","POST_BANKA_EFUSE_RESISTANCE_BLOWN_BIT47",590001,"",1,1,"ISEN_PS1600",1,"424","","",3500,"<=",70744,"ohms","<=",85000,"P",27.507,***,"",
1,"POST_EFUSE_RESISTANCE","","POST_BANKA_EFUSE_RESISTANCE_BLOWN_BIT46",590002,"",1,1,"ISEN_PS1600",1,"424","","",3500,"<=",69070.8,"ohms","<=",85000,"P",27.507,***,"",
1,"POST_EFUSE_RESISTANCE","","POST_BANKA_EFUSE_RESISTANCE_UNBLOWN_BIT45",490003,"",1,1,"ISEN_PS1600",1,"424","","",65,"<=",79.8,"ohms","<=",200,"P",27.507,***,"",
1,"POST_EFUSE_RESISTANCE","","POST_BANKA_EFUSE_RESISTANCE_BLOWN_BIT44",590004,"",1,1,"ISEN_PS1600",1,"424","","",3500,"<=",70721.2,"ohms","<=",85000,"P",27.507,***,"",
1,"POST_EFUSE_RESISTANCE","","POST_BANKA_EFUSE_RESISTANCE_UNBLOWN_BIT43",490005,"",1,1,"ISEN_PS1600",1,"424","","",65,"<=",79.8,"ohms","<=",200,"P",27.507,***,"",
1,"POST_EFUSE_RESISTANCE","","POST_BANKA_EFUSE_RESISTANCE_BLOWN_BIT42",590006,"",1,1,"ISEN_PS1600",1,"424","","",3500,"<=",70709.8,"ohms","<=",85000,"P",27.507,***,"",
1,"POST_EFUSE_RESISTANCE","","POST_BANKA_EFUSE_RESISTANCE_BLOWN_BIT41",590007,"",1,1,"ISEN_PS1600",1,"424","","",3500,"<=",70732.6,"ohms","<=",85000,"P",27.507,***,"",
1,"POST_EFUSE_RESISTANCE","","POST_BANKA_EFUSE_RESISTANCE_BLOWN_BIT40",590008,"",1,1,"ISEN_PS1600",1,"424","","",3500,"<=",70732.6,"ohms","<=",85000,"P",27.507,***,"",
1,"POST_EFUSE_RESISTANCE","","POST_BANKA_EFUSE_RESISTANCE_UNBLOWN_BIT39",490009,"",1,1,"ISEN_PS1600",1,"424","","",65,"<=",68.4,"ohms","<=",200,"P",27.507,***,"",
1,"POST_EFUSE_RESISTANCE","","POST_BANKA_EFUSE_RESISTANCE_UNBLOWN_BIT38",490010,"",1,1,"ISEN_PS1600",1,"424","","",65,"<=",91.2,"ohms","<=",200,"P",27.507,***,"",
1,"POST_EFUSE_RESISTANCE","","POST_BANKA_EFUSE_RESISTANCE_BLOWN_BIT37",590011,"",1,1,"ISEN_PS1600",1,"424","","",3500,"<=",70709.8,"ohms","<=",85000,"P",27.507,***,"",
1,"POST_EFUSE_RESISTANCE","","POST_BANKA_EFUSE_RESISTANCE_BLOWN_BIT36",590012,"",1,1,"ISEN_PS1600",1,"424","","",3500,"<=",70721.2,"ohms","<=",85000,"P",27.507,***,"",
1,"POST_EFUSE_RESISTANCE","","POST_BANKA_EFUSE_RESISTANCE_UNBLOWN_BIT35",490013,"",1,1,"ISEN_PS1600",1,"424","","",65,"<=",68.4,"ohms","<=",200,"P",27.507,***,"",
1,"POST_EFUSE_RESISTANCE","","POST_BANKA_EFUSE_RESISTANCE_UNBLOWN_BIT34",490014,"",1,1,"ISEN_PS1600",1,"424","","",65,"<=",91.2,"ohms","<=",200,"P",27.507,***,"",
1,"POST_EFUSE_RESISTANCE","","POST_BANKA_EFUSE_RESISTANCE_UNBLOWN_BIT33",490015,"",1,1,"ISEN_PS1600",1,"424","","",65,"<=",68.4,"ohms","<=",200,"P",27.507,***,"",
1,"POST_EFUSE_RESISTANCE","","POST_BANKA_EFUSE_RESISTANCE_UNBLOWN_BIT32",490016,"",1,1,"ISEN_PS1600",1,"424","","",65,"<=",79.8,"ohms","<=",200,"P",27.507,***,"",
1,"POST_EFUSE_RESISTANCE","","POST_BANKA_EFUSE_RESISTANCE_UNBLOWN_BIT31",490017,"",1,1,"ISEN_PS1600",1,"424","","",65,"<=",91.2,"ohms","<=",200,"P",27.507,***,"",
1,"POST_EFUSE_RESISTANCE","","POST_BANKA_EFUSE_RESISTANCE_BLOWN_BIT30",590018,"",1,1,"ISEN_PS1600",1,"424","","",3500,"<=",70732.6,"ohms","<=",85000,"P",27.507,***,"",
1,"POST_EFUSE_RESISTANCE","","POST_BANKA_EFUSE_RESISTANCE_BLOWN_BIT29",590019,"",1,1,"ISEN_PS1600",1,"424","","",3500,"<=",70721.2,"ohms","<=",85000,"P",27.507,***,"",
1,"POST_EFUSE_RESISTANCE","","POST_BANKA_EFUSE_RESISTANCE_UNBLOWN_BIT28",490020,"",1,1,"ISEN_PS1600",1,"424","","",65,"<=",79.8,"ohms","<=",200,"P",27.507,***,"",
1,"POST_EFUSE_RESISTANCE","","POST_BANKA_EFUSE_RESISTANCE_BLOWN_BIT27",590021,"",1,1,"ISEN_PS1600",1,"424","","",3500,"<=",70721.2,"ohms","<=",85000,"P",27.507,***,"",
1,"POST_EFUSE_RESISTANCE","","POST_BANKA_EFUSE_RESISTANCE_BLOWN_BIT26",590022,"",1,1,"ISEN_PS1600",1,"424","","",3500,"<=",70721.2,"ohms","<=",85000,"P",27.507,***,"",
1,"POST_EFUSE_RESISTANCE","","POST_BANKA_EFUSE_RESISTANCE_UNBLOWN_BIT25",490023,"",1,1,"ISEN_PS1600",1,"424","","",65,"<=",91.2,"ohms","<=",200,"P",27.507,***,"",
1,"POST_EFUSE_RESISTANCE","","POST_BANKA_EFUSE_RESISTANCE_UNBLOWN_BIT24",490024,"",1,1,"ISEN_PS1600",1,"424","","",65,"<=",79.8,"ohms","<=",200,"P",27.507,***,"",
1,"POST_EFUSE_RESISTANCE","","POST_BANKA_EFUSE_RESISTANCE_UNBLOWN_BIT23",490025,"",1,1,"ISEN_PS1600",1,"424","","",65,"<=",91.2,"ohms","<=",200,"P",27.507,***,"",
1,"POST_EFUSE_RESISTANCE","","POST_BANKA_EFUSE_RESISTANCE_UNBLOWN_BIT22",490026,"",1,1,"ISEN_PS1600",1,"424","","",65,"<=",79.8,"ohms","<=",200,"P",27.507,***,"",
1,"POST_EFUSE_RESISTANCE","","POST_BANKA_EFUSE_RESISTANCE_UNBLOWN_BIT21",490027,"",1,1,"ISEN_PS1600",1,"424","","",65,"<=",91.2,"ohms","<=",200,"P",27.507,***,"",
1,"POST_EFUSE_RESISTANCE","","POST_BANKA_EFUSE_RESISTANCE_UNBLOWN_BIT20",490028,"",1,1,"ISEN_PS1600",1,"424","","",65,"<=",79.8,"ohms","<=",200,"P",27.507,***,"",
1,"POST_EFUSE_RESISTANCE","","POST_BANKA_EFUSE_RESISTANCE_UNBLOWN_BIT19",490029,"",1,1,"ISEN_PS1600",1,"424","","",65,"<=",91.2,"ohms","<=",200,"P",27.507,***,"",
1,"POST_EFUSE_RESISTANCE","","POST_BANKA_EFUSE_RESISTANCE_UNBLOWN_BIT18",490030,"",1,1,"ISEN_PS1600",1,"424","","",65,"<=",79.8,"ohms","<=",200,"P",27.507,***,"",
1,"POST_EFUSE_RESISTANCE","","POST_BANKA_EFUSE_RESISTANCE_BLOWN_BIT17",590031,"",1,1,"ISEN_PS1600",1,"424","","",3500,"<=",70732.6,"ohms","<=",85000,"P",27.507,***,"",
1,"POST_EFUSE_RESISTANCE","","POST_BANKA_EFUSE_RESISTANCE_BLOWN_BIT16",590032,"",1,1,"ISEN_PS1600",1,"424","","",3500,"<=",70721.2,"ohms","<=",85000,"P",27.507,***,"",
1,"POST_EFUSE_RESISTANCE","","POST_BANKA_EFUSE_RESISTANCE_BLOWN_BIT15",590033,"",1,1,"ISEN_PS1600",1,"424","","",3500,"<=",70721.2,"ohms","<=",85000,"P",27.507,***,"",
1,"POST_EFUSE_RESISTANCE","","POST_BANKA_EFUSE_RESISTANCE_BLOWN_BIT14",590034,"",1,1,"ISEN_PS1600",1,"424","","",3500,"<=",70721.2,"ohms","<=",85000,"P",27.507,***,"",
1,"POST_EFUSE_RESISTANCE","","POST_BANKA_EFUSE_RESISTANCE_UNBLOWN_BIT13",490035,"",1,1,"ISEN_PS1600",1,"424","","",65,"<=",79.8,"ohms","<=",200,"P",27.507,***,"",
1,"POST_EFUSE_RESISTANCE","","POST_BANKA_EFUSE_RESISTANCE_BLOWN_BIT12",590036,"",1,1,"ISEN_PS1600",1,"424","","",3500,"<=",70721.2,"ohms","<=",85000,"P",27.507,***,"",
1,"POST_EFUSE_RESISTANCE","","POST_BANKA_EFUSE_RESISTANCE_UNBLOWN_BIT11",490037,"",1,1,"ISEN_PS1600",1,"424","","",65,"<=",91.2,"ohms","<=",200,"P",27.507,***,"",
1,"POST_EFUSE_RESISTANCE","","POST_BANKA_EFUSE_RESISTANCE_BLOWN_BIT10",590038,"",1,1,"ISEN_PS1600",1,"424","","",3500,"<=",70709.8,"ohms","<=",85000,"P",27.507,***,"",
1,"POST_EFUSE_RESISTANCE","","POST_BANKA_EFUSE_RESISTANCE_UNBLOWN_BIT9",490039,"",1,1,"ISEN_PS1600",1,"424","","",65,"<=",91.2,"ohms","<=",200,"P",27.507,***,"",
1,"POST_EFUSE_RESISTANCE","","POST_BANKA_EFUSE_RESISTANCE_UNBLOWN_BIT8",490040,"",1,1,"ISEN_PS1600",1,"424","","",65,"<=",79.8,"ohms","<=",200,"P",27.507,***,"",
1,"POST_EFUSE_RESISTANCE","","POST_BANKA_EFUSE_RESISTANCE_UNBLOWN_BIT7",490041,"",1,1,"ISEN_PS1600",1,"424","","",65,"<=",91.2,"ohms","<=",200,"P",27.507,***,"",
1,"POST_EFUSE_RESISTANCE","","POST_BANKA_EFUSE_RESISTANCE_UNBLOWN_BIT6",490042,"",1,1,"ISEN_PS1600",1,"424","","",65,"<=",79.8,"ohms","<=",200,"P",27.507,***,"",
1,"POST_EFUSE_RESISTANCE","","POST_BANKA_EFUSE_RESISTANCE_BLOWN_BIT5",590043,"",1,1,"ISEN_PS1600",1,"424","","",3500,"<=",70732.6,"ohms","<=",85000,"P",27.507,***,"",
1,"POST_EFUSE_RESISTANCE","","POST_BANKA_EFUSE_RESISTANCE_UNBLOWN_BIT4",490044,"",1,1,"ISEN_PS1600",1,"424","","",65,"<=",68.4,"ohms","<=",200,"P",27.507,***,"",
1,"POST_EFUSE_RESISTANCE","","POST_BANKA_EFUSE_RESISTANCE_UNBLOWN_BIT3",490045,"",1,1,"ISEN_PS1600",1,"424","","",65,"<=",91.2,"ohms","<=",200,"P",27.507,***,"",
1,"POST_EFUSE_RESISTANCE","","POST_BANKA_EFUSE_RESISTANCE_UNBLOWN_BIT2",490046,"",1,1,"ISEN_PS1600",1,"424","","",65,"<=",79.8,"ohms","<=",200,"P",27.507,***,"",
1,"POST_EFUSE_RESISTANCE","","POST_BANKA_EFUSE_RESISTANCE_UNBLOWN_BIT1",490047,"",1,1,"ISEN_PS1600",1,"424","","",65,"<=",68.4,"ohms","<=",200,"P",27.507,***,"",
1,"POST_EFUSE_RESISTANCE","","POST_BANKA_EFUSE_RESISTANCE_UNBLOWN_BIT0",490048,"",1,1,"ISEN_PS1600",1,"424","","",65,"<=",79.8,"ohms","<=",200,"P",27.507,***,"",
1,"POST_EFUSE_RESISTANCE","","POST_BANKB_EFUSE_RESISTANCE_BLOWN_BIT47",590049,"",1,1,"ISEN_PS1600",1,"424","","",3500,"<=",70721.2,"ohms","<=",85000,"P",27.507,***,"",
1,"POST_EFUSE_RESISTANCE","","POST_BANKB_EFUSE_RESISTANCE_BLOWN_BIT46",590050,"",1,1,"ISEN_PS1600",1,"424","","",3500,"<=",70721.2,"ohms","<=",85000,"P",27.507,***,"",
1,"POST_EFUSE_RESISTANCE","","POST_BANKB_EFUSE_RESISTANCE_UNBLOWN_BIT45",490051,"",1,1,"ISEN_PS1600",1,"424","","",65,"<=",79.8,"ohms","<=",200,"P",27.507,***,"",
1,"POST_EFUSE_RESISTANCE","","POST_BANKB_EFUSE_RESISTANCE_BLOWN_BIT44",590052,"",1,1,"ISEN_PS1600",1,"424","","",3500,"<=",70721.2,"ohms","<=",85000,"P",27.507,***,"",
1,"POST_EFUSE_RESISTANCE","","POST_BANKB_EFUSE_RESISTANCE_UNBLOWN_BIT43",490053,"",1,1,"ISEN_PS1600",1,"424","","",65,"<=",79.8,"ohms","<=",200,"P",27.507,***,"",
1,"POST_EFUSE_RESISTANCE","","POST_BANKB_EFUSE_RESISTANCE_BLOWN_BIT42",590054,"",1,1,"ISEN_PS1600",1,"424","","",3500,"<=",70721.2,"ohms","<=",85000,"P",27.507,***,"",
1,"POST_EFUSE_RESISTANCE","","POST_BANKB_EFUSE_RESISTANCE_BLOWN_BIT41",590055,"",1,1,"ISEN_PS1600",1,"424","","",3500,"<=",70687,"ohms","<=",85000,"P",27.507,***,"",
1,"POST_EFUSE_RESISTANCE","","POST_BANKB_EFUSE_RESISTANCE_BLOWN_BIT40",590056,"",1,1,"ISEN_PS1600",1,"424","","",3500,"<=",70710,"ohms","<=",85000,"P",27.507,***,"",
1,"POST_EFUSE_RESISTANCE","","POST_BANKB_EFUSE_RESISTANCE_UNBLOWN_BIT39",490057,"",1,1,"ISEN_PS1600",1,"424","","",65,"<=",79.8,"ohms","<=",200,"P",27.507,***,"",
1,"POST_EFUSE_RESISTANCE","","POST_BANKB_EFUSE_RESISTANCE_UNBLOWN_BIT38",490058,"",1,1,"ISEN_PS1600",1,"424","","",65,"<=",79.8,"ohms","<=",200,"P",27.507,***,"",
1,"POST_EFUSE_RESISTANCE","","POST_BANKB_EFUSE_RESISTANCE_BLOWN_BIT37",590059,"",1,1,"ISEN_PS1600",1,"424","","",3500,"<=",70721.2,"ohms","<=",85000,"P",27.507,***,"",
1,"POST_EFUSE_RESISTANCE","","POST_BANKB_EFUSE_RESISTANCE_BLOWN_BIT36",590060,"",1,1,"ISEN_PS1600",1,"424","","",3500,"<=",70721.2,"ohms","<=",85000,"P",27.507,***,"",
1,"POST_EFUSE_RESISTANCE","","POST_BANKB_EFUSE_RESISTANCE_UNBLOWN_BIT35",490061,"",1,1,"ISEN_PS1600",1,"424","","",65,"<=",79.8,"ohms","<=",200,"P",27.507,***,"",
1,"POST_EFUSE_RESISTANCE","","POST_BANKB_EFUSE_RESISTANCE_UNBLOWN_BIT34",490062,"",1,1,"ISEN_PS1600",1,"424","","",65,"<=",79.8,"ohms","<=",200,"P",27.507,***,"",
1,"POST_EFUSE_RESISTANCE","","POST_BANKB_EFUSE_RESISTANCE_UNBLOWN_BIT33",490063,"",1,1,"ISEN_PS1600",1,"424","","",65,"<=",91.2,"ohms","<=",200,"P",27.507,***,"",
1,"POST_EFUSE_RESISTANCE","","POST_BANKB_EFUSE_RESISTANCE_UNBLOWN_BIT32",490064,"",1,1,"ISEN_PS1600",1,"424","","",65,"<=",79.8,"ohms","<=",200,"P",27.507,***,"",
1,"POST_EFUSE_RESISTANCE","","POST_BANKB_EFUSE_RESISTANCE_UNBLOWN_BIT31",490065,"",1,1,"ISEN_PS1600",1,"424","","",65,"<=",79.8,"ohms","<=",200,"P",27.507,***,"",
1,"POST_EFUSE_RESISTANCE","","POST_BANKB_EFUSE_RESISTANCE_BLOWN_BIT30",590066,"",1,1,"ISEN_PS1600",1,"424","","",3500,"<=",70732.6,"ohms","<=",85000,"P",27.507,***,"",
1,"POST_EFUSE_RESISTANCE","","POST_BANKB_EFUSE_RESISTANCE_BLOWN_BIT29",590067,"",1,1,"ISEN_PS1600",1,"424","","",3500,"<=",70732.6,"ohms","<=",85000,"P",27.507,***,"",
1,"POST_EFUSE_RESISTANCE","","POST_BANKB_EFUSE_RESISTANCE_UNBLOWN_BIT28",490068,"",1,1,"ISEN_PS1600",1,"424","","",65,"<=",79.8,"ohms","<=",200,"P",27.507,***,"",
1,"POST_EFUSE_RESISTANCE","","POST_BANKB_EFUSE_RESISTANCE_BLOWN_BIT27",590069,"",1,1,"ISEN_PS1600",1,"424","","",3500,"<=",70721.2,"ohms","<=",85000,"P",27.507,***,"",
1,"POST_EFUSE_RESISTANCE","","POST_BANKB_EFUSE_RESISTANCE_BLOWN_BIT26",590070,"",1,1,"ISEN_PS1600",1,"424","","",3500,"<=",70732.6,"ohms","<=",85000,"P",27.507,***,"",
1,"POST_EFUSE_RESISTANCE","","POST_BANKB_EFUSE_RESISTANCE_UNBLOWN_BIT25",490071,"",1,1,"ISEN_PS1600",1,"424","","",65,"<=",79.8,"ohms","<=",200,"P",27.507,***,"",
1,"POST_EFUSE_RESISTANCE","","POST_BANKB_EFUSE_RESISTANCE_UNBLOWN_BIT24",490072,"",1,1,"ISEN_PS1600",1,"424","","",65,"<=",79.8,"ohms","<=",200,"P",27.507,***,"",
1,"POST_EFUSE_RESISTANCE","","POST_BANKB_EFUSE_RESISTANCE_UNBLOWN_BIT23",490073,"",1,1,"ISEN_PS1600",1,"424","","",65,"<=",79.8,"ohms","<=",200,"P",27.507,***,"",
1,"POST_EFUSE_RESISTANCE","","POST_BANKB_EFUSE_RESISTANCE_UNBLOWN_BIT22",490074,"",1,1,"ISEN_PS1600",1,"424","","",65,"<=",79.8,"ohms","<=",200,"P",27.507,***,"",
1,"POST_EFUSE_RESISTANCE","","POST_BANKB_EFUSE_RESISTANCE_UNBLOWN_BIT21",490075,"",1,1,"ISEN_PS1600",1,"424","","",65,"<=",79.8,"ohms","<=",200,"P",27.507,***,"",
1,"POST_EFUSE_RESISTANCE","","POST_BANKB_EFUSE_RESISTANCE_UNBLOWN_BIT20",490076,"",1,1,"ISEN_PS1600",1,"424","","",65,"<=",79.8,"ohms","<=",200,"P",27.507,***,"",
1,"POST_EFUSE_RESISTANCE","","POST_BANKB_EFUSE_RESISTANCE_UNBLOWN_BIT19",490077,"",1,1,"ISEN_PS1600",1,"424","","",65,"<=",91.2,"ohms","<=",200,"P",27.507,***,"",
1,"POST_EFUSE_RESISTANCE","","POST_BANKB_EFUSE_RESISTANCE_UNBLOWN_BIT18",490078,"",1,1,"ISEN_PS1600",1,"424","","",65,"<=",91.2,"ohms","<=",200,"P",27.507,***,"",
1,"POST_EFUSE_RESISTANCE","","POST_BANKB_EFUSE_RESISTANCE_BLOWN_BIT17",590079,"",1,1,"ISEN_PS1600",1,"424","","",3500,"<=",70721.2,"ohms","<=",85000,"P",27.507,***,"",
1,"POST_EFUSE_RESISTANCE","","POST_BANKB_EFUSE_RESISTANCE_BLOWN_BIT16",590080,"",1,1,"ISEN_PS1600",1,"424","","",3500,"<=",70732.6,"ohms","<=",85000,"P",27.507,***,"",
1,"POST_EFUSE_RESISTANCE","","POST_BANKB_EFUSE_RESISTANCE_BLOWN_BIT15",590081,"",1,1,"ISEN_PS1600",1,"424","","",3500,"<=",70721.2,"ohms","<=",85000,"P",27.507,***,"",
1,"POST_EFUSE_RESISTANCE","","POST_BANKB_EFUSE_RESISTANCE_BLOWN_BIT14",590082,"",1,1,"ISEN_PS1600",1,"424","","",3500,"<=",70732.6,"ohms","<=",85000,"P",27.507,***,"",
1,"POST_EFUSE_RESISTANCE","","POST_BANKB_EFUSE_RESISTANCE_UNBLOWN_BIT13",490083,"",1,1,"ISEN_PS1600",1,"424","","",65,"<=",79.8,"ohms","<=",200,"P",27.507,***,"",
1,"POST_EFUSE_RESISTANCE","","POST_BANKB_EFUSE_RESISTANCE_BLOWN_BIT12",590084,"",1,1,"ISEN_PS1600",1,"424","","",3500,"<=",70709.8,"ohms","<=",85000,"P",27.507,***,"",
1,"POST_EFUSE_RESISTANCE","","POST_BANKB_EFUSE_RESISTANCE_UNBLOWN_BIT11",490085,"",1,1,"ISEN_PS1600",1,"424","","",65,"<=",79.8,"ohms","<=",200,"P",27.507,***,"",
1,"POST_EFUSE_RESISTANCE","","POST_BANKB_EFUSE_RESISTANCE_BLOWN_BIT10",590086,"",1,1,"ISEN_PS1600",1,"424","","",3500,"<=",70721.2,"ohms","<=",85000,"P",27.507,***,"",
1,"POST_EFUSE_RESISTANCE","","POST_BANKB_EFUSE_RESISTANCE_UNBLOWN_BIT9",490087,"",1,1,"ISEN_PS1600",1,"424","","",65,"<=",68.4,"ohms","<=",200,"P",27.507,***,"",
1,"POST_EFUSE_RESISTANCE","","POST_BANKB_EFUSE_RESISTANCE_UNBLOWN_BIT8",490088,"",1,1,"ISEN_PS1600",1,"424","","",65,"<=",79.8,"ohms","<=",200,"P",27.507,***,"",
1,"POST_EFUSE_RESISTANCE","","POST_BANKB_EFUSE_RESISTANCE_UNBLOWN_BIT7",490089,"",1,1,"ISEN_PS1600",1,"424","","",65,"<=",79.8,"ohms","<=",200,"P",27.507,***,"",
1,"POST_EFUSE_RESISTANCE","","POST_BANKB_EFUSE_RESISTANCE_UNBLOWN_BIT6",490090,"",1,1,"ISEN_PS1600",1,"424","","",65,"<=",79.8,"ohms","<=",200,"P",27.507,***,"",
1,"POST_EFUSE_RESISTANCE","","POST_BANKB_EFUSE_RESISTANCE_BLOWN_BIT5",590091,"",1,1,"ISEN_PS1600",1,"424","","",3500,"<=",70732.6,"ohms","<=",85000,"P",27.507,***,"",
1,"POST_EFUSE_RESISTANCE","","POST_BANKB_EFUSE_RESISTANCE_UNBLOWN_BIT4",490092,"",1,1,"ISEN_PS1600",1,"424","","",65,"<=",91.2,"ohms","<=",200,"P",27.507,***,"",
1,"POST_EFUSE_RESISTANCE","","POST_BANKB_EFUSE_RESISTANCE_UNBLOWN_BIT3",490093,"",1,1,"ISEN_PS1600",1,"424","","",65,"<=",79.8,"ohms","<=",200,"P",27.507,***,"",
1,"POST_EFUSE_RESISTANCE","","POST_BANKB_EFUSE_RESISTANCE_UNBLOWN_BIT2",490094,"",1,1,"ISEN_PS1600",1,"424","","",65,"<=",79.8,"ohms","<=",200,"P",27.507,***,"",
1,"POST_EFUSE_RESISTANCE","","POST_BANKB_EFUSE_RESISTANCE_UNBLOWN_BIT1",490095,"",1,1,"ISEN_PS1600",1,"424","","",65,"<=",79.8,"ohms","<=",200,"P",27.507,***,"",
1,"POST_EFUSE_RESISTANCE","","POST_BANKB_EFUSE_RESISTANCE_UNBLOWN_BIT0",490096,"",1,1,"ISEN_PS1600",1,"424","","",65,"<=",91.2,"ohms","<=",200,"P",27.507,***,"",
1,"EFUSE_PARITY_DURING_READ","","OFF_PAD_1p8V_bit_0",780010,"",1,1,"OFF_PS1600",1,"424","","",1,"<=",1.92604,"V","<=",2,"P",23.7042,***,"",
1,"EFUSE_PARITY_DURING_READ","","OFF_PAD_0V_EN_bit_0",780490,"",1,1,"OFF_PS1600",1,"424","","",0,"<=",0.000885,"V","<=",0.5,"P",23.7042,***,"",
1,"EFUSE_PARITY_DURING_READ","","OFF_PAD_1p8V_bit_1",780020,"",1,1,"OFF_PS1600",1,"424","","",1,"<=",1.60692,"V","<=",2,"P",23.7042,***,"",
1,"EFUSE_PARITY_DURING_READ","","OFF_PAD_0V_EN_bit_1",780500,"",1,1,"OFF_PS1600",1,"424","","",0,"<=",0.000771,"V","<=",0.5,"P",23.7042,***,"",
1,"EFUSE_PARITY_DURING_READ","","OFF_PAD_1p8V_bit_2",780030,"",1,1,"OFF_PS1600",1,"424","","",1,"<=",1.7656,"V","<=",2,"P",23.7042,***,"",
1,"EFUSE_PARITY_DURING_READ","","OFF_PAD_0V_EN_bit_2",780510,"",1,1,"OFF_PS1600",1,"424","","",0,"<=",0.000771,"V","<=",0.5,"P",23.7042,***,"",
1,"EFUSE_PARITY_DURING_READ","","OFF_PAD_1p8V_bit_3",780040,"",1,1,"OFF_PS1600",1,"424","","",1,"<=",1.84454,"V","<=",2,"P",23.7042,***,"",
1,"EFUSE_PARITY_DURING_READ","","OFF_PAD_0V_EN_bit_3",780520,"",1,1,"OFF_PS1600",1,"424","","",0,"<=",0.000771,"V","<=",0.5,"P",23.7042,***,"",
1,"EFUSE_PARITY_DURING_READ","","OFF_PAD_1p8V_bit_4",780050,"",1,1,"OFF_PS1600",1,"424","","",1,"<=",1.88387,"V","<=",2,"P",23.7042,***,"",
1,"EFUSE_PARITY_DURING_READ","","OFF_PAD_0V_EN_bit_4",780530,"",1,1,"OFF_PS1600",1,"424","","",0,"<=",0.000828,"V","<=",0.5,"P",23.7042,***,"",
1,"EFUSE_PARITY_DURING_READ","","OFF_PAD_1p8V_bit_5",780060,"",1,1,"OFF_PS1600",1,"424","","",1,"<=",1.90328,"V","<=",2,"P",23.7042,***,"",
1,"EFUSE_PARITY_DURING_READ","","OFF_PAD_0V_EN_bit_5",780540,"",1,1,"OFF_PS1600",1,"424","","",0,"<=",0.000828,"V","<=",0.5,"P",23.7042,***,"",
1,"EFUSE_PARITY_DURING_READ","","OFF_PAD_1p8V_bit_6",780070,"",1,1,"OFF_PS1600",1,"424","","",1,"<=",1.90311,"V","<=",2,"P",23.7042,***,"",
1,"EFUSE_PARITY_DURING_READ","","OFF_PAD_0V_EN_bit_6",780550,"",1,1,"OFF_PS1600",1,"424","","",0,"<=",0.000942,"V","<=",0.5,"P",23.7042,***,"",
1,"EFUSE_PARITY_DURING_READ","","OFF_PAD_1p8V_bit_7",780080,"",1,1,"OFF_PS1600",1,"424","","",1,"<=",1.90345,"V","<=",2,"P",23.7042,***,"",
1,"EFUSE_PARITY_DURING_READ","","OFF_PAD_0V_EN_bit_7",780560,"",1,1,"OFF_PS1600",1,"424","","",0,"<=",0.000828,"V","<=",0.5,"P",23.7042,***,"",
1,"EFUSE_PARITY_DURING_READ","","OFF_PAD_1p8V_bit_8",780090,"",1,1,"OFF_PS1600",1,"424","","",1,"<=",1.90328,"V","<=",2,"P",23.7042,***,"",
1,"EFUSE_PARITY_DURING_READ","","OFF_PAD_0V_EN_bit_8",780570,"",1,1,"OFF_PS1600",1,"424","","",0,"<=",0.000885,"V","<=",0.5,"P",23.7042,***,"",
1,"EFUSE_PARITY_DURING_READ","","OFF_PAD_1p8V_bit_9",780100,"",1,1,"OFF_PS1600",1,"424","","",1,"<=",1.90322,"V","<=",2,"P",23.7042,***,"",
1,"EFUSE_PARITY_DURING_READ","","OFF_PAD_0V_EN_bit_9",780580,"",1,1,"OFF_PS1600",1,"424","","",0,"<=",0.000771,"V","<=",0.5,"P",23.7042,***,"",
1,"EFUSE_PARITY_DURING_READ","","OFF_PAD_1p8V_bit_10",780110,"",1,1,"OFF_PS1600",1,"424","","",1,"<=",1.90333,"V","<=",2,"P",23.7042,***,"",
1,"EFUSE_PARITY_DURING_READ","","OFF_PAD_0V_EN_bit_10",780590,"",1,1,"OFF_PS1600",1,"424","","",0,"<=",0.000828,"V","<=",0.5,"P",23.7042,***,"",
1,"EFUSE_PARITY_DURING_READ","","OFF_PAD_1p8V_bit_11",780120,"",1,1,"OFF_PS1600",1,"424","","",1,"<=",1.90311,"V","<=",2,"P",23.7042,***,"",
1,"EFUSE_PARITY_DURING_READ","","OFF_PAD_0V_EN_bit_11",780600,"",1,1,"OFF_PS1600",1,"424","","",0,"<=",0.000828,"V","<=",0.5,"P",23.7042,***,"",
1,"EFUSE_PARITY_DURING_READ","","OFF_PAD_1p8V_bit_12",780130,"",1,1,"OFF_PS1600",1,"424","","",1,"<=",1.90293,"V","<=",2,"P",23.7042,***,"",
1,"EFUSE_PARITY_DURING_READ","","OFF_PAD_0V_EN_bit_12",780610,"",1,1,"OFF_PS1600",1,"424","","",0,"<=",0.000885,"V","<=",0.5,"P",23.7042,***,"",
1,"EFUSE_PARITY_DURING_READ","","OFF_PAD_1p8V_bit_13",780140,"",1,1,"OFF_PS1600",1,"424","","",1,"<=",1.90288,"V","<=",2,"P",23.7042,***,"",
1,"EFUSE_PARITY_DURING_READ","","OFF_PAD_0V_EN_bit_13",780620,"",1,1,"OFF_PS1600",1,"424","","",0,"<=",0.000828,"V","<=",0.5,"P",23.7042,***,"",
1,"EFUSE_PARITY_DURING_READ","","OFF_PAD_1p8V_bit_14",780150,"",1,1,"OFF_PS1600",1,"424","","",1,"<=",1.90276,"V","<=",2,"P",23.7042,***,"",
1,"EFUSE_PARITY_DURING_READ","","OFF_PAD_0V_EN_bit_14",780630,"",1,1,"OFF_PS1600",1,"424","","",0,"<=",0.000828,"V","<=",0.5,"P",23.7042,***,"",
1,"EFUSE_PARITY_DURING_READ","","OFF_PAD_1p8V_bit_15",780160,"",1,1,"OFF_PS1600",1,"424","","",1,"<=",1.90299,"V","<=",2,"P",23.7042,***,"",
1,"EFUSE_PARITY_DURING_READ","","OFF_PAD_0V_EN_bit_15",780640,"",1,1,"OFF_PS1600",1,"424","","",0,"<=",0.000885,"V","<=",0.5,"P",23.7042,***,"",
1,"EFUSE_PARITY_DURING_READ","","OFF_PAD_1p8V_bit_16",780170,"",1,1,"OFF_PS1600",1,"424","","",1,"<=",1.90311,"V","<=",2,"P",23.7042,***,"",
1,"EFUSE_PARITY_DURING_READ","","OFF_PAD_0V_EN_bit_16",780650,"",1,1,"OFF_PS1600",1,"424","","",0,"<=",0.000885,"V","<=",0.5,"P",23.7042,***,"",
1,"EFUSE_PARITY_DURING_READ","","OFF_PAD_1p8V_bit_17",780180,"",1,1,"OFF_PS1600",1,"424","","",1,"<=",1.90299,"V","<=",2,"P",23.7042,***,"",
1,"EFUSE_PARITY_DURING_READ","","OFF_PAD_0V_EN_bit_17",780660,"",1,1,"OFF_PS1600",1,"424","","",0,"<=",0.000828,"V","<=",0.5,"P",23.7042,***,"",
1,"EFUSE_PARITY_DURING_READ","","OFF_PAD_1p8V_bit_18",780190,"",1,1,"OFF_PS1600",1,"424","","",1,"<=",1.90316,"V","<=",2,"P",23.7042,***,"",
1,"EFUSE_PARITY_DURING_READ","","OFF_PAD_0V_EN_bit_18",780670,"",1,1,"OFF_PS1600",1,"424","","",0,"<=",0.000828,"V","<=",0.5,"P",23.7042,***,"",
1,"EFUSE_PARITY_DURING_READ","","OFF_PAD_1p8V_bit_19",780200,"",1,1,"OFF_PS1600",1,"424","","",1,"<=",1.90333,"V","<=",2,"P",23.7042,***,"",
1,"EFUSE_PARITY_DURING_READ","","OFF_PAD_0V_EN_bit_19",780680,"",1,1,"OFF_PS1600",1,"424","","",0,"<=",0.000885,"V","<=",0.5,"P",23.7042,***,"",
1,"EFUSE_PARITY_DURING_READ","","OFF_PAD_1p8V_bit_20",780210,"",1,1,"OFF_PS1600",1,"424","","",1,"<=",1.90328,"V","<=",2,"P",23.7042,***,"",
1,"EFUSE_PARITY_DURING_READ","","OFF_PAD_0V_EN_bit_20",780690,"",1,1,"OFF_PS1600",1,"424","","",0,"<=",0.000885,"V","<=",0.5,"P",23.7042,***,"",
1,"EFUSE_PARITY_DURING_READ","","OFF_PAD_1p8V_bit_21",780220,"",1,1,"OFF_PS1600",1,"424","","",1,"<=",1.90322,"V","<=",2,"P",23.7042,***,"",
1,"EFUSE_PARITY_DURING_READ","","OFF_PAD_0V_EN_bit_21",780700,"",1,1,"OFF_PS1600",1,"424","","",0,"<=",0.000828,"V","<=",0.5,"P",23.7042,***,"",
1,"EFUSE_PARITY_DURING_READ","","OFF_PAD_1p8V_bit_22",780230,"",1,1,"OFF_PS1600",1,"424","","",1,"<=",1.90333,"V","<=",2,"P",23.7042,***,"",
1,"EFUSE_PARITY_DURING_READ","","OFF_PAD_0V_EN_bit_22",780710,"",1,1,"OFF_PS1600",1,"424","","",0,"<=",0.000828,"V","<=",0.5,"P",23.7042,***,"",
1,"EFUSE_PARITY_DURING_READ","","OFF_PAD_1p8V_bit_23",780240,"",1,1,"OFF_PS1600",1,"424","","",1,"<=",1.90333,"V","<=",2,"P",23.7042,***,"",
1,"EFUSE_PARITY_DURING_READ","","OFF_PAD_0V_EN_bit_23",780720,"",1,1,"OFF_PS1600",1,"424","","",0,"<=",0.000828,"V","<=",0.5,"P",23.7042,***,"",
1,"EFUSE_PARITY_DURING_READ","","OFF_PAD_1p8V_bit_24",780250,"",1,1,"OFF_PS1600",1,"424","","",1,"<=",1.90305,"V","<=",2,"P",23.7042,***,"",
1,"EFUSE_PARITY_DURING_READ","","OFF_PAD_0V_EN_bit_24",780730,"",1,1,"OFF_PS1600",1,"424","","",0,"<=",0.000828,"V","<=",0.5,"P",23.7042,***,"",
1,"EFUSE_PARITY_DURING_READ","","OFF_PAD_1p8V_bit_25",780260,"",1,1,"OFF_PS1600",1,"424","","",1,"<=",1.90333,"V","<=",2,"P",23.7042,***,"",
1,"EFUSE_PARITY_DURING_READ","","OFF_PAD_0V_EN_bit_25",780740,"",1,1,"OFF_PS1600",1,"424","","",0,"<=",0.000828,"V","<=",0.5,"P",23.7042,***,"",
1,"EFUSE_PARITY_DURING_READ","","OFF_PAD_1p8V_bit_26",780270,"",1,1,"OFF_PS1600",1,"424","","",1,"<=",1.90316,"V","<=",2,"P",23.7042,***,"",
1,"EFUSE_PARITY_DURING_READ","","OFF_PAD_0V_EN_bit_26",780750,"",1,1,"OFF_PS1600",1,"424","","",0,"<=",0.000828,"V","<=",0.5,"P",23.7042,***,"",
1,"EFUSE_PARITY_DURING_READ","","OFF_PAD_1p8V_bit_27",780280,"",1,1,"OFF_PS1600",1,"424","","",1,"<=",1.90345,"V","<=",2,"P",23.7042,***,"",
1,"EFUSE_PARITY_DURING_READ","","OFF_PAD_0V_EN_bit_27",780760,"",1,1,"OFF_PS1600",1,"424","","",0,"<=",0.000828,"V","<=",0.5,"P",23.7042,***,"",
1,"EFUSE_PARITY_DURING_READ","","OFF_PAD_1p8V_bit_28",780290,"",1,1,"OFF_PS1600",1,"424","","",1,"<=",1.90299,"V","<=",2,"P",23.7042,***,"",
1,"EFUSE_PARITY_DURING_READ","","OFF_PAD_0V_EN_bit_28",780770,"",1,1,"OFF_PS1600",1,"424","","",0,"<=",0.000885,"V","<=",0.5,"P",23.7042,***,"",
1,"EFUSE_PARITY_DURING_READ","","OFF_PAD_1p8V_bit_29",780300,"",1,1,"OFF_PS1600",1,"424","","",1,"<=",1.90328,"V","<=",2,"P",23.7042,***,"",
1,"EFUSE_PARITY_DURING_READ","","OFF_PAD_0V_EN_bit_29",780780,"",1,1,"OFF_PS1600",1,"424","","",0,"<=",0.000771,"V","<=",0.5,"P",23.7042,***,"",
1,"EFUSE_PARITY_DURING_READ","","OFF_PAD_1p8V_bit_30",780310,"",1,1,"OFF_PS1600",1,"424","","",1,"<=",1.90328,"V","<=",2,"P",23.7042,***,"",
1,"EFUSE_PARITY_DURING_READ","","OFF_PAD_0V_EN_bit_30",780790,"",1,1,"OFF_PS1600",1,"424","","",0,"<=",0.000828,"V","<=",0.5,"P",23.7042,***,"",
1,"EFUSE_PARITY_DURING_READ","","OFF_PAD_1p8V_bit_31",780320,"",1,1,"OFF_PS1600",1,"424","","",1,"<=",1.90316,"V","<=",2,"P",23.7042,***,"",
1,"EFUSE_PARITY_DURING_READ","","OFF_PAD_0V_EN_bit_31",780800,"",1,1,"OFF_PS1600",1,"424","","",0,"<=",0.000828,"V","<=",0.5,"P",23.7042,***,"",
1,"EFUSE_PARITY_DURING_READ","","OFF_PAD_1p8V_bit_32",780330,"",1,1,"OFF_PS1600",1,"424","","",1,"<=",1.90293,"V","<=",2,"P",23.7042,***,"",
1,"EFUSE_PARITY_DURING_READ","","OFF_PAD_0V_EN_bit_32",780810,"",1,1,"OFF_PS1600",1,"424","","",0,"<=",0.000828,"V","<=",0.5,"P",23.7042,***,"",
1,"EFUSE_PARITY_DURING_READ","","OFF_PAD_1p8V_bit_33",780340,"",1,1,"OFF_PS1600",1,"424","","",1,"<=",1.90328,"V","<=",2,"P",23.7042,***,"",
1,"EFUSE_PARITY_DURING_READ","","OFF_PAD_0V_EN_bit_33",780820,"",1,1,"OFF_PS1600",1,"424","","",0,"<=",0.000771,"V","<=",0.5,"P",23.7042,***,"",
1,"EFUSE_PARITY_DURING_READ","","OFF_PAD_1p8V_bit_34",780350,"",1,1,"OFF_PS1600",1,"424","","",1,"<=",1.90322,"V","<=",2,"P",23.7042,***,"",
1,"EFUSE_PARITY_DURING_READ","","OFF_PAD_0V_EN_bit_34",780830,"",1,1,"OFF_PS1600",1,"424","","",0,"<=",0.000771,"V","<=",0.5,"P",23.7042,***,"",
1,"EFUSE_PARITY_DURING_READ","","OFF_PAD_1p8V_bit_35",780360,"",1,1,"OFF_PS1600",1,"424","","",1,"<=",1.90316,"V","<=",2,"P",23.7042,***,"",
1,"EFUSE_PARITY_DURING_READ","","OFF_PAD_0V_EN_bit_35",780840,"",1,1,"OFF_PS1600",1,"424","","",0,"<=",0.000771,"V","<=",0.5,"P",23.7042,***,"",
1,"EFUSE_PARITY_DURING_READ","","OFF_PAD_1p8V_bit_36",780370,"",1,1,"OFF_PS1600",1,"424","","",1,"<=",1.90328,"V","<=",2,"P",23.7042,***,"",
1,"EFUSE_PARITY_DURING_READ","","OFF_PAD_0V_EN_bit_36",780850,"",1,1,"OFF_PS1600",1,"424","","",0,"<=",0.000771,"V","<=",0.5,"P",23.7042,***,"",
1,"EFUSE_PARITY_DURING_READ","","OFF_PAD_1p8V_bit_37",780380,"",1,1,"OFF_PS1600",1,"424","","",1,"<=",1.90311,"V","<=",2,"P",23.7042,***,"",
1,"EFUSE_PARITY_DURING_READ","","OFF_PAD_0V_EN_bit_37",780860,"",1,1,"OFF_PS1600",1,"424","","",0,"<=",0.000828,"V","<=",0.5,"P",23.7042,***,"",
1,"EFUSE_PARITY_DURING_READ","","OFF_PAD_1p8V_bit_38",780390,"",1,1,"OFF_PS1600",1,"424","","",1,"<=",1.90311,"V","<=",2,"P",23.7042,***,"",
1,"EFUSE_PARITY_DURING_READ","","OFF_PAD_0V_EN_bit_38",780870,"",1,1,"OFF_PS1600",1,"424","","",0,"<=",0.000771,"V","<=",0.5,"P",23.7042,***,"",
1,"EFUSE_PARITY_DURING_READ","","OFF_PAD_1p8V_bit_39",780400,"",1,1,"OFF_PS1600",1,"424","","",1,"<=",1.90328,"V","<=",2,"P",23.7042,***,"",
1,"EFUSE_PARITY_DURING_READ","","OFF_PAD_0V_EN_bit_39",780880,"",1,1,"OFF_PS1600",1,"424","","",0,"<=",0.000885,"V","<=",0.5,"P",23.7042,***,"",
1,"EFUSE_PARITY_DURING_READ","","OFF_PAD_1p8V_bit_40",780410,"",1,1,"OFF_PS1600",1,"424","","",1,"<=",1.90316,"V","<=",2,"P",23.7042,***,"",
1,"EFUSE_PARITY_DURING_READ","","OFF_PAD_0V_EN_bit_40",780890,"",1,1,"OFF_PS1600",1,"424","","",0,"<=",0.000885,"V","<=",0.5,"P",23.7042,***,"",
1,"EFUSE_PARITY_DURING_READ","","OFF_PAD_1p8V_bit_41",780420,"",1,1,"OFF_PS1600",1,"424","","",1,"<=",1.90322,"V","<=",2,"P",23.7042,***,"",
1,"EFUSE_PARITY_DURING_READ","","OFF_PAD_0V_EN_bit_41",780900,"",1,1,"OFF_PS1600",1,"424","","",0,"<=",0.000771,"V","<=",0.5,"P",23.7042,***,"",
1,"EFUSE_PARITY_DURING_READ","","OFF_PAD_1p8V_bit_42",780430,"",1,1,"OFF_PS1600",1,"424","","",1,"<=",1.90316,"V","<=",2,"P",23.7042,***,"",
1,"EFUSE_PARITY_DURING_READ","","OFF_PAD_0V_EN_bit_42",780910,"",1,1,"OFF_PS1600",1,"424","","",0,"<=",0.000771,"V","<=",0.5,"P",23.7042,***,"",
1,"EFUSE_PARITY_DURING_READ","","OFF_PAD_1p8V_bit_43",780440,"",1,1,"OFF_PS1600",1,"424","","",1,"<=",1.90333,"V","<=",2,"P",23.7042,***,"",
1,"EFUSE_PARITY_DURING_READ","","OFF_PAD_0V_EN_bit_43",780920,"",1,1,"OFF_PS1600",1,"424","","",0,"<=",0.000885,"V","<=",0.5,"P",23.7042,***,"",
1,"EFUSE_PARITY_DURING_READ","","OFF_PAD_1p8V_bit_44",780450,"",1,1,"OFF_PS1600",1,"424","","",1,"<=",1.90345,"V","<=",2,"P",23.7042,***,"",
1,"EFUSE_PARITY_DURING_READ","","OFF_PAD_0V_EN_bit_44",780930,"",1,1,"OFF_PS1600",1,"424","","",0,"<=",0.000885,"V","<=",0.5,"P",23.7042,***,"",
1,"EFUSE_PARITY_DURING_READ","","OFF_PAD_1p8V_bit_45",780460,"",1,1,"OFF_PS1600",1,"424","","",1,"<=",1.90299,"V","<=",2,"P",23.7042,***,"",
1,"EFUSE_PARITY_DURING_READ","","OFF_PAD_0V_EN_bit_45",780940,"",1,1,"OFF_PS1600",1,"424","","",0,"<=",0.000828,"V","<=",0.5,"P",23.7042,***,"",
1,"EFUSE_PARITY_DURING_READ","","OFF_PAD_1p8V_bit_46",780470,"",1,1,"OFF_PS1600",1,"424","","",1,"<=",1.90339,"V","<=",2,"P",23.7042,***,"",
1,"EFUSE_PARITY_DURING_READ","","OFF_PAD_0V_EN_bit_46",780950,"",1,1,"OFF_PS1600",1,"424","","",0,"<=",0.000828,"V","<=",0.5,"P",23.7042,***,"",
1,"EFUSE_PARITY_DURING_READ","","OFF_PAD_1p8V_bit_47",780480,"",1,1,"OFF_PS1600",1,"424","","",1,"<=",1.89462,"V","<=",2,"P",23.7042,***,"",
1,"EFUSE_PARITY_DURING_READ","","OFF_PAD_0V_EN_bit_47",780960,"",1,1,"OFF_PS1600",1,"424","","",0,"<=",0.000828,"V","<=",0.5,"P",23.7042,***,"",